   0.33333    2
   1.21829    4
   1.59426    6
   1.81802    8
   1.97164   10
   2.08595   12
   2.17555   14
   2.24839   16
   2.30922   18
   2.36109   20
   2.40604   22
   2.44553   24
   2.48060   26
   2.51205   28
   2.54048   30
   2.56634   32
   2.59003   34
   2.61182   36
   2.63198   38
   2.65070   40
   2.66815   42
   2.68447   44
   2.69979   46
   2.71420   48
   2.72779   50
   2.74064   52
   2.75282   54
   2.76438   56
   2.77539   58
   2.78587   60
   2.79588   62
   2.80545   64
   2.81461   66
   2.82339   68
   2.83182   70
   2.83993   72
   2.84772   74
   2.85523   76
   2.86247   78
   2.86945   80
   2.87620   82
   2.88272   84
   2.88903   86
   2.89514   88
   2.90105   90
   2.90679   92
   2.91236   94
   2.91777   96
   2.92302   98
   2.92813  100
   2.93310  102
   2.93793  104
   2.94264  106
   2.94723  108
   2.95170  110
   2.95606  112
   2.96031  114
   2.96446  116
   2.96852  118
   2.97248  120
   2.97634  122
   2.98013  124
   2.98383  126
   2.98745  128
   2.99099  130
   2.99446  132
   2.99785  134
   3.00118  136
   3.00444  138
   3.00763  140
   3.01077  142
   3.01384  144
   3.01685  146
   3.01981  148
   3.02271  150
   3.02556  152
   3.02836  154
   3.03111  156
   3.03381  158
   3.03647  160
   3.03908  162
   3.04164  164
   3.04417  166
   3.04665  168
   3.04909  170
   3.05149  172
   3.05385  174
   3.05618  176
   3.05847  178
   3.06073  180
   3.06295  182
   3.06513  184
   3.06729  186
   3.06941  188
   3.07151  190
   3.07357  192
   3.07560  194
   3.07761  196
   3.07958  198
   3.08153  200
   3.08346  202
   3.08535  204
   3.08722  206
   3.08907  208
   3.09089  210
   3.09269  212
   3.09447  214
   3.09622  216
   3.09795  218
   3.09966  220
   3.10135  222
   3.10302  224
   3.10466  226
   3.10629  228
   3.10790  230
   3.10949  232
   3.11106  234
   3.11261  236
   3.11414  238
   3.11566  240
   3.11716  242
   3.11864  244
   3.12010  246
   3.12155  248
   3.12299  250
   3.12440  252
   3.12581  254
   3.12719  256
   3.12857  258
   3.12992  260
   3.13127  262
   3.13260  264
   3.13391  266
   3.13522  268
   3.13650  270
   3.13778  272
   3.13904  274
   3.14030  276
   3.14153  278
   3.14276  280
   3.14397  282
   3.14518  284
   3.14637  286
   3.14755  288
   3.14872  290
   3.14987  292
   3.15102  294
   3.15216  296
   3.15328  298
   3.15440  300
   3.15550  302
   3.15660  304
   3.15768  306
   3.15876  308
   3.15982  310
   3.16088  312
   3.16193  314
   3.16297  316
   3.16400  318
   3.16502  320
   3.16603  322
   3.16703  324
   3.16803  326
   3.16902  328
   3.16999  330
   3.17096  332
   3.17193  334
   3.17288  336
   3.17383  338
   3.17477  340
   3.17570  342
   3.17662  344
   3.17754  346
   3.17845  348
   3.17935  350
   3.18025  352
   3.18114  354
   3.18202  356
   3.18289  358
   3.18376  360
   3.18462  362
   3.18548  364
   3.18633  366
   3.18717  368
   3.18801  370
   3.18884  372
   3.18966  374
   3.19048  376
   3.19129  378
   3.19210  380
   3.19290  382
   3.19369  384
   3.19448  386
   3.19527  388
   3.19605  390
   3.19682  392
   3.19759  394
   3.19835  396
   3.19910  398
   3.19986  400
   3.20060  402
   3.20134  404
   3.20208  406
   3.20281  408
   3.20354  410
   3.20426  412
   3.20498  414
   3.20569  416
   3.20640  418
   3.20710  420
   3.20780  422
   3.20849  424
   3.20918  426
   3.20987  428
   3.21055  430
   3.21123  432
   3.21190  434
   3.21257  436
   3.21323  438
   3.21389  440
   3.21455  442
   3.21520  444
   3.21585  446
   3.21649  448
   3.21713  450
   3.21776  452
   3.21840  454
   3.21902  456
   3.21965  458
   3.22027  460
   3.22089  462
   3.22150  464
   3.22211  466
   3.22272  468
   3.22332  470
   3.22392  472
   3.22452  474
   3.22511  476
   3.22570  478
   3.22628  480
   3.22686  482
   3.22744  484
   3.22802  486
   3.22859  488
   3.22916  490
   3.22973  492
   3.23029  494
   3.23085  496
   3.23141  498
   3.23196  500
   3.23251  502
   3.23306  504
   3.23361  506
   3.23415  508
   3.23469  510
   3.23522  512
   3.23576  514
   3.23629  516
   3.23682  518
   3.23734  520
   3.23786  522
   3.23838  524
   3.23890  526
   3.23941  528
   3.23993  530
   3.24043  532
   3.24094  534
   3.24144  536
   3.24195  538
   3.24244  540
   3.24294  542
   3.24343  544
   3.24393  546
   3.24441  548
   3.24490  550
   3.24538  552
   3.24587  554
   3.24634  556
   3.24682  558
   3.24730  560
   3.24777  562
   3.24824  564
   3.24871  566
   3.24917  568
   3.24963  570
   3.25010  572
   3.25055  574
   3.25101  576
   3.25147  578
   3.25192  580
   3.25237  582
   3.25282  584
   3.25326  586
   3.25371  588
   3.25415  590
   3.25459  592
   3.25503  594
   3.25546  596
   3.25590  598
   3.25633  600
   3.25676  602
   3.25718  604
   3.25761  606
   3.25804  608
   3.25846  610
   3.25888  612
   3.25930  614
   3.25971  616
   3.26013  618
   3.26054  620
   3.26095  622
   3.26136  624
   3.26177  626
   3.26217  628
   3.26258  630
   3.26298  632
   3.26338  634
   3.26378  636
   3.26418  638
   3.26457  640
   3.26497  642
   3.26536  644
   3.26575  646
   3.26614  648
   3.26653  650
   3.26691  652
   3.26730  654
   3.26768  656
   3.26806  658
   3.26844  660
   3.26882  662
   3.26919  664
   3.26957  666
   3.26994  668
   3.27031  670
   3.27068  672
   3.27105  674
   3.27142  676
   3.27178  678
   3.27215  680
   3.27251  682
   3.27287  684
   3.27323  686
   3.27359  688
   3.27394  690
   3.27430  692
   3.27465  694
   3.27501  696
   3.27536  698
   3.27571  700
   3.27606  702
   3.27640  704
   3.27675  706
   3.27709  708
   3.27744  710
   3.27778  712
   3.27812  714
   3.27846  716
   3.27880  718
   3.27914  720
   3.27947  722
   3.27980  724
   3.28014  726
   3.28047  728
   3.28080  730
   3.28113  732
   3.28146  734
   3.28178  736
   3.28211  738
   3.28243  740
   3.28276  742
   3.28308  744
   3.28340  746
   3.28372  748
   3.28404  750
   3.28436  752
   3.28467  754
   3.28499  756
   3.28530  758
   3.28562  760
   3.28593  762
   3.28624  764
   3.28655  766
   3.28686  768
   3.28716  770
   3.28747  772
   3.28777  774
   3.28808  776
   3.28838  778
   3.28868  780
   3.28899  782
   3.28929  784
   3.28958  786
   3.28988  788
   3.29018  790
   3.29047  792
   3.29077  794
   3.29106  796
   3.29136  798
   3.29165  800
   3.29194  802
   3.29223  804
   3.29252  806
   3.29281  808
   3.29309  810
   3.29338  812
   3.29366  814
   3.29395  816
   3.29423  818
   3.29451  820
   3.29479  822
   3.29507  824
   3.29535  826
   3.29563  828
   3.29591  830
   3.29619  832
   3.29646  834
   3.29674  836
   3.29701  838
   3.29728  840
   3.29756  842
   3.29783  844
   3.29810  846
   3.29837  848
   3.29864  850
   3.29890  852
   3.29917  854
   3.29944  856
   3.29970  858
   3.29997  860
   3.30023  862
   3.30049  864
   3.30075  866
   3.30102  868
   3.30128  870
   3.30154  872
   3.30179  874
   3.30205  876
   3.30231  878
   3.30257  880
   3.30282  882
   3.30308  884
   3.30333  886
   3.30358  888
   3.30384  890
   3.30409  892
   3.30434  894
   3.30459  896
   3.30484  898
   3.30509  900
   3.30533  902
   3.30558  904
   3.30583  906
   3.30607  908
   3.30632  910
   3.30656  912
   3.30681  914
   3.30705  916
   3.30729  918
   3.30753  920
   3.30777  922
   3.30801  924
   3.30825  926
   3.30849  928
   3.30873  930
   3.30896  932
   3.30920  934
   3.30944  936
   3.30967  938
   3.30991  940
   3.31014  942
   3.31037  944
   3.31060  946
   3.31084  948
   3.31107  950
   3.31130  952
   3.31153  954
   3.31176  956
   3.31198  958
   3.31221  960
   3.31244  962
   3.31267  964
   3.31289  966
   3.31312  968
   3.31334  970
   3.31356  972
   3.31379  974
   3.31401  976
   3.31423  978
   3.31445  980
   3.31468  982
   3.31490  984
   3.31511  986
   3.31533  988
   3.31555  990
   3.31577  992
   3.31599  994
   3.31620  996
   3.31642  998
   3.31664 1000
