  0.10000000000000001        20.408251587302978     
  0.20000000000000001        11.295319031711147     
  0.30000000000000004        9.7341416474036180     
  0.40000000000000002        8.8221255977833888     
  0.50000000000000000        8.1761746857560382     
  0.59999999999999998        7.6761952060011831     
  0.69999999999999996        7.2686735280363148     
  0.79999999999999993        6.9250502878509366     
  0.89999999999999991        6.6282685481631267     
  0.99999999999999989        6.3673191918697141     
   1.0999999999999999        6.1346798879606688     
   1.2000000000000000        5.9249810381479815     
   1.3000000000000000        5.7342545420017128     
   1.4000000000000001        5.5594842180210939     
   1.5000000000000002        5.3983232565063428     
   1.6000000000000003        5.2489093497151522     
   1.7000000000000004        5.1097395795501157     
   1.8000000000000005        4.9795832798489288     
   1.9000000000000006        4.8574198266318787     
   2.0000000000000004        4.7423932575422478     
   2.1000000000000005        4.6337785347388518     
   2.2000000000000006        4.5309560392938009     
   2.3000000000000007        4.4333919976763880     
   2.4000000000000008        4.3406232572042951     
   2.5000000000000009        4.2522452994352138     
   2.6000000000000010        4.1679026982095122     
   2.7000000000000011        4.0872814469940915     
   2.8000000000000012        4.0101027322569873     
   2.9000000000000012        3.9361178374008019     
   3.0000000000000013        3.8651039392988147     
   3.1000000000000014        3.7968606159580154     
   3.2000000000000015        3.7312069254908087     
   3.3000000000000016        3.6679789476498534     
   3.4000000000000017        3.6070277026016826     
   3.5000000000000018        3.5482173794410814     
   3.6000000000000019        3.4914238206400849     
   3.7000000000000020        3.4365332192313329     
   3.8000000000000020        3.3834409938067842     
   3.9000000000000021        3.3320508129273598     
   4.0000000000000018        3.2822737457001350     
   4.1000000000000014        3.2340275193956529     
   4.2000000000000011        3.1872358682810367     
   4.3000000000000007        3.1418279605111725     
   4.4000000000000004        3.0977378920850303     
   4.5000000000000000        3.0549042386411167     
   4.5999999999999996        3.0132696573154294     
   4.6999999999999993        2.9727805320800091     
   4.7999999999999989        2.9333866569695441     
   4.8999999999999986        2.8950409524262590     
   4.9999999999999982        2.8576992106805577     
   5.0999999999999979        2.8213198666611565     
   5.1999999999999975        2.7858637914134676     
   5.2999999999999972        2.7512941054147837     
   5.3999999999999968        2.7175760095222650     
   5.4999999999999964        2.6846766315852015     
   5.5999999999999961        2.6525648870052740     
   5.6999999999999957        2.6212113517444116     
   5.7999999999999954        2.5905881464652434     
   5.8999999999999950        2.5606688306487344     
   5.9999999999999947        2.5314283056714690     
   6.0999999999999943        2.5028427259443435     
   6.1999999999999940        2.4748894173180336     
   6.2999999999999936        2.4475468020507209     
   6.3999999999999932        2.4207943297122054     
   6.4999999999999929        2.3946124134672377     
   6.5999999999999925        2.3689823712411546     
   6.6999999999999922        2.3438863713237947     
   6.7999999999999918        2.3193073820142049     
   6.8999999999999915        2.2952291249496684     
   6.9999999999999911        2.2716360317989150     
   7.0999999999999908        2.2485132040313713     
   7.1999999999999904        2.2258463755028668     
   7.2999999999999901        2.2036218776234389     
   7.3999999999999897        2.1818266068954233     
   7.4999999999999893        2.1604479946300663     
   7.5999999999999890        2.1394739786688031     
   7.6999999999999886        2.1188929769514111     
   7.7999999999999883        2.0986938627875507     
   7.8999999999999879        2.0788659417011179     
   7.9999999999999876        2.0593989297284141     
   8.0999999999999872        2.0402829330614995     
   8.1999999999999869        2.0215084289375453     
   8.2999999999999865        2.0030662476834031     
   8.3999999999999861        1.9849475558323015     
   8.4999999999999858        1.9671438402364612     
   8.5999999999999854        1.9496468931057154     
   8.6999999999999851        1.9324487979078850     
   8.7999999999999847        1.9155419160718212     
   8.8999999999999844        1.8989188744387255     
   8.9999999999999840        1.8825725534116089     
   9.0999999999999837        1.8664960757566633     
   9.1999999999999833        1.8506827960138359     
   9.2999999999999829        1.8351262904771644     
   9.3999999999999826        1.8198203477083734     
   9.4999999999999822        1.8047589595499380     
   9.5999999999999819        1.7899363126063172     
   9.6999999999999815        1.7753467801643144     
   9.7999999999999812        1.7609849145256236     
   9.8999999999999808        1.7468454397265278     
   9.9999999999999805        1.7329232446214791     
   10.099999999999980        1.7192133763089124     
   10.199999999999980        1.7057110338791412     
   10.299999999999979        1.6924115624655469     
   10.399999999999979        1.6793104475815641     
   10.499999999999979        1.6664033097271111     
   10.599999999999978        1.6536858992492198     
   10.699999999999978        1.6411540914426075     
   10.799999999999978        1.6288038818768611     
   10.899999999999977        1.6166313819377751     
   10.999999999999977        1.6046328145711586     
   11.099999999999977        1.5928045102181851     
   11.199999999999976        1.5811429029320292     
   11.299999999999976        1.5696445266661834     
   11.399999999999975        1.5583060117254288     
   11.499999999999975        1.5471240813709819     
   11.599999999999975        1.5360955485718715     
   11.699999999999974        1.5252173128950461     
   11.799999999999974        1.5144863575271861     
   11.899999999999974        1.5038997464215849     
   11.999999999999973        1.4934546215638691     
   12.099999999999973        1.4831482003506742     
   12.199999999999973        1.4729777730757418     
   12.299999999999972        1.4629407005182062     
   12.399999999999972        1.4530344116281477     
   12.499999999999972        1.4432564013047517     
   12.599999999999971        1.4336042282626842     
   12.699999999999971        1.4240755129825240     
   12.799999999999971        1.4146679357413279     
   12.899999999999970        1.4053792347196141     
   12.999999999999970        1.3962072041812512     
   13.099999999999969        1.3871496927229219     
   13.199999999999969        1.3782046015900098     
   13.299999999999969        1.3693698830559324     
   13.399999999999968        1.3606435388620806     
   13.499999999999968        1.3520236187156820     
   13.599999999999968        1.3435082188430507     
   13.699999999999967        1.3350954805957975     
   13.799999999999967        1.3267835891077131     
   13.899999999999967        1.3185707720001381     
   13.999999999999966        1.3104552981337614     
   14.099999999999966        1.3024354764048651     
   14.199999999999966        1.2945096545841575     
   14.299999999999965        1.2866762181964033     
   14.399999999999965        1.2789335894391640     
   14.499999999999964        1.2712802261390348     
   14.599999999999964        1.2637146207438426     
   14.699999999999964        1.2562352993493362     
   14.799999999999963        1.2488408207589901     
   14.899999999999963        1.2415297755755730     
   14.999999999999963        1.2343007853232322     
   15.099999999999962        1.2271525015988753     
   15.199999999999962        1.2200836052516977     
   15.299999999999962        1.2130928055897574     
   15.399999999999961        1.2061788396125452     
   15.499999999999961        1.1993404712685449     
   15.599999999999961        1.1925764907368288     
   15.699999999999960        1.1858857137317678     
   15.799999999999960        1.1792669808299798     
   15.899999999999959        1.1727191568186881     
   15.999999999999959        1.1662411300646724     
   16.099999999999959        1.1598318119030613     
   16.199999999999960        1.1534901360452245     
   16.299999999999962        1.1472150580050613     
   16.399999999999963        1.1410055545430220     
   16.499999999999964        1.1348606231272078     
   16.599999999999966        1.1287792814109334     
   16.699999999999967        1.1227605667261735     
   16.799999999999969        1.1168035355923047     
   16.899999999999970        1.1109072632396222     
   16.999999999999972        1.1050708431470890     
   17.099999999999973        1.0992933865938375     
   17.199999999999974        1.0935740222239259     
   17.299999999999976        1.0879118956239013     
   17.399999999999977        1.0823061689127205     
   17.499999999999979        1.0767560203436095     
   17.599999999999980        1.0712606439174472     
   17.699999999999982        1.0658192490072886     
   17.799999999999983        1.0604310599936466     
   17.899999999999984        1.0550953159101737     
   17.999999999999986        1.0498112700993902     
   18.099999999999987        1.0445781898781352     
   18.199999999999989        1.0393953562124081     
   18.299999999999990        1.0342620634012951     
   18.399999999999991        1.0291776187696888     
   18.499999999999993        1.0241413423695034     
   18.599999999999994        1.0191525666891217     
   18.699999999999996        1.0142106363707981     
   18.799999999999997        1.0093149079357713     
   18.899999999999999        1.0044647495168328     
   19.000000000000000       0.99965954059812034     
   19.100000000000001       0.99489867176190439     
   19.200000000000003       0.99018154444214723     
   19.300000000000004       0.98550757068462669     
   19.400000000000006       0.98087617291341400     
   19.500000000000007       0.97628678370351474     
   19.600000000000009       0.97173884555947787     
   19.700000000000010       0.96723181069979280     
   19.800000000000011       0.96276514084689346     
   19.900000000000013       0.95833830702260647     
   20.000000000000014       0.95395078934886779     
   20.100000000000016       0.94960207685355991     
   20.200000000000017       0.94529166728130620     
   20.300000000000018       0.94101906690908210     
   20.400000000000020       0.93678379036649584     
   20.500000000000021       0.93258536046060048     
   20.600000000000023       0.92842330800510564     
   20.700000000000024       0.92429717165385761     
   20.800000000000026       0.92020649773846641     
   20.900000000000027       0.91615084010995440     
   21.000000000000028       0.91212975998431545     
   21.100000000000030       0.90814282579186645     
   21.200000000000031       0.90418961303028900     
   21.300000000000033       0.90026970412124740     
   21.400000000000034       0.89638268827048995     
   21.500000000000036       0.89252816133132795     
   21.600000000000037       0.88870572567140138     
   21.700000000000038       0.88491499004263696     
   21.800000000000040       0.88115556945430995     
   21.900000000000041       0.87742708504912259     
   22.000000000000043       0.87372916398221734     
   22.100000000000044       0.87006143930304147     
   22.200000000000045       0.86642354983998526     
   22.300000000000047       0.86281514008772131     
   22.400000000000048       0.85923586009716257     
   22.500000000000050       0.85568536536797912     
   22.600000000000051       0.85216331674359758     
   22.700000000000053       0.84866938030861394     
   22.800000000000054       0.84520322728856423     
   22.900000000000055       0.84176453395198048     
   23.000000000000057       0.83835298151467696     
   23.100000000000058       0.83496825604620550     
   23.200000000000060       0.83161004837842156     
   23.300000000000061       0.82827805401610821     
   23.400000000000063       0.82497197304960257     
   23.500000000000064       0.82169151006937136     
   23.600000000000065       0.81843637408248704     
   23.700000000000067       0.81520627843095417     
   23.800000000000068       0.81200094071183704     
   23.900000000000070       0.80882008269914563     
   24.000000000000071       0.80566343026743137     
   24.100000000000072       0.80253071331704984     
   24.200000000000074       0.79942166570105200     
   24.300000000000075       0.79633602515365409     
   24.400000000000077       0.79327353322025773     
   24.500000000000078       0.79023393518896934     
   24.600000000000080       0.78721698002359275     
   24.700000000000081       0.78422242029804712     
   24.800000000000082       0.78125001213218592     
   24.900000000000084       0.77829951512897200     
   25.000000000000085       0.77537069231298328     
   25.100000000000087       0.77246331007020996     
   25.200000000000088       0.76957713808911887     
   25.300000000000090       0.76671194930294451     
   25.400000000000091       0.76386751983318757     
   25.500000000000092       0.76104362893428235     
   25.600000000000094       0.75824005893941071     
   25.700000000000095       0.75545659520743325     
   25.800000000000097       0.75269302607090982     
   25.900000000000098       0.74994914278518554     
   26.000000000000099       0.74722473947851398     
   26.100000000000101       0.74451961310319648     
   26.200000000000102       0.74183356338771056     
   26.300000000000104       0.73916639278980567     
   26.400000000000105       0.73651790645054338     
   26.500000000000107       0.73388791214925830     
   26.600000000000108       0.73127622025942218     
   26.700000000000109       0.72868264370538571     
   26.800000000000111       0.72610699791997946     
   26.900000000000112       0.72354910080295620     
   27.000000000000114       0.72100877268025088     
   27.100000000000115       0.71848583626404405     
   27.200000000000117       0.71598011661360739     
   27.300000000000118       0.71349144109691354     
   27.400000000000119       0.71101963935299617     
   27.500000000000121       0.70856454325503759     
   27.600000000000122       0.70612598687417449     
   27.700000000000124       0.70370380644399766     
   27.800000000000125       0.70129784032573905     
   27.900000000000126       0.69890792897412279     
   28.000000000000128       0.69653391490386996     
   28.100000000000129       0.69417564265684084     
   28.200000000000131       0.69183295876980366     
   28.300000000000132       0.68950571174280872     
   28.400000000000134       0.68719375200816424     
   28.500000000000135       0.68489693189999268     
   28.600000000000136       0.68261510562435923     
   28.700000000000138       0.68034812922995902     
   28.800000000000139       0.67809586057934990     
   28.900000000000141       0.67585815932071980     
   29.000000000000142       0.67363488686017892     
   29.100000000000144       0.67142590633456045     
   29.200000000000145       0.66923108258472508     
   29.300000000000146       0.66705028212935435     
   29.400000000000148       0.66488337313922308     
   29.500000000000149       0.66273022541194293     
   29.600000000000151       0.66059071034716343     
   29.700000000000152       0.65846470092222398     
   29.800000000000153       0.65635207166824727     
   29.900000000000155       0.65425269864666080     
   30.000000000000156       0.65216645942614326     
   30.100000000000158       0.65009323305998368     
   30.200000000000159       0.64803290006384318     
   30.300000000000161       0.64598534239391614     
   30.400000000000162       0.64395044342547736     
   30.500000000000163       0.64192808793180933     
   30.600000000000165       0.63991816206350294     
   30.700000000000166       0.63792055332812203     
   30.800000000000168       0.63593515057022476     
   30.900000000000169       0.63396184395173638     
   31.000000000000171       0.63200052493266312     
   31.100000000000172       0.63005108625214279     
   31.200000000000173       0.62811342190982422     
   31.300000000000175       0.62618742714756948     
   31.400000000000176       0.62427299843147166     
   31.500000000000178       0.62237003343418240     
   31.600000000000179       0.62047843101754296     
   31.700000000000180       0.61859809121551290     
   31.800000000000182       0.61672891521738937     
   31.900000000000183       0.61487080535131378     
   32.000000000000185       0.61302366506805650     
   32.100000000000186       0.61118739892507790     
   32.200000000000188       0.60936191257085748     
   32.300000000000189       0.60754711272948814     
   32.400000000000190       0.60574290718552681     
   32.500000000000192       0.60394920476910174     
   32.600000000000193       0.60216591534126662     
   32.700000000000195       0.60039294977959934     
   32.800000000000196       0.59863021996404031     
   32.900000000000198       0.59687763876296418     
   33.000000000000199       0.59513512001948299     
   33.100000000000200       0.59340257853797518     
   33.200000000000202       0.59167993007083475     
   33.300000000000203       0.58996709130543845     
   33.400000000000205       0.58826397985132595     
   33.500000000000206       0.58657051422758988     
   33.600000000000207       0.58488661385046858     
   33.700000000000209       0.58321219902114274     
   33.800000000000210       0.58154719091372842     
   33.900000000000212       0.57989151156346297     
   34.000000000000213       0.57824508385508211     
   34.100000000000215       0.57660783151138362     
   34.200000000000216       0.57497967908197356     
   34.300000000000217       0.57336055193219237     
   34.400000000000219       0.57175037623221769     
   34.500000000000220       0.57014907894633937     
   34.600000000000222       0.56855658782240592     
   34.700000000000223       0.56697283138143562     
   34.800000000000225       0.56539773890739453     
   34.900000000000226       0.56383124043713184     
   35.000000000000227       0.56227326675047473     
   35.100000000000229       0.56072374936047897     
   35.200000000000230       0.55918262050383016     
   35.300000000000232       0.55764981313139483     
   35.400000000000233       0.55612526089891856     
   35.500000000000234       0.55460889815786862     
   35.600000000000236       0.55310065994641644     
   35.700000000000237       0.55160048198056078     
   35.800000000000239       0.55010830064538652     
   35.900000000000240       0.54862405298645756     
   36.000000000000242       0.54714767670134179     
   36.100000000000243       0.54567911013126424     
   36.200000000000244       0.54421829225288931     
   36.300000000000246       0.54276516267022556     
   36.400000000000247       0.54131966160665412     
   36.500000000000249       0.53988172989707850     
   36.600000000000250       0.53845130898019067     
   36.700000000000252       0.53702834089085527     
   36.800000000000253       0.53561276825260706     
   36.900000000000254       0.53420453427026082     
   37.000000000000256       0.53280358272263195     
   37.100000000000257       0.53140985795536477     
   37.200000000000259       0.53002330487386817     
   37.300000000000260       0.52864386893635551     
   37.400000000000261       0.52727149614698732     
   37.500000000000263       0.52590613304911538     
   37.600000000000264       0.52454772671862604     
   37.700000000000266       0.52319622475738192     
   37.800000000000267       0.52185157528675852     
   37.900000000000269       0.52051372694127607     
   38.000000000000270       0.51918262886232414     
   38.100000000000271       0.51785823069197712     
   38.200000000000273       0.51654048256690044     
   38.300000000000274       0.51522933511234292     
   38.400000000000276       0.51392473943621864     
   38.500000000000277       0.51262664712327199     
   38.600000000000279       0.51133501022932681     
   38.700000000000280       0.51004978127561995     
   38.800000000000281       0.50877091324321244     
   38.900000000000283       0.50749835956748446     
   39.000000000000284       0.50623207413270477     
   39.100000000000286       0.50497201126668090     
   39.200000000000287       0.50371812573548236     
   39.300000000000288       0.50247037273824047     
   39.400000000000290       0.50122870790201990     
   39.500000000000291       0.49999308727676434     
   39.600000000000293       0.49876346733031102     
   39.700000000000294       0.49753980494347727     
   39.800000000000296       0.49632205740521379     
   39.900000000000297       0.49511018240782778     
   40.000000000000298       0.49390413804227007     
   40.100000000000300       0.49270388279348937     
   40.200000000000301       0.49150937553585128     
   40.300000000000303       0.49032057552861896     
   40.400000000000304       0.48913744241149731     
   40.500000000000306       0.48795993620023925     
   40.600000000000307       0.48678801728230991     
   40.700000000000308       0.48562164641261313     
   40.800000000000310       0.48446078470927445     
   40.900000000000311       0.48330539364948200     
   41.000000000000313       0.48215543506538533     
   41.100000000000314       0.48101087114004770     
   41.200000000000315       0.47987166440345602     
   41.300000000000317       0.47873777772858123     
   41.400000000000318       0.47760917432749606     
   41.500000000000320       0.47648581774754151     
   41.600000000000321       0.47536767186754703     
   41.700000000000323       0.47425470089410010     
   41.800000000000324       0.47314686935786648     
   41.900000000000325       0.47204414210996015     
   42.000000000000327       0.47094648431835961     
   42.100000000000328       0.46985386146437425     
   42.200000000000330       0.46876623933915579     
   42.300000000000331       0.46768358404025706     
   42.400000000000333       0.46660586196823584     
   42.500000000000334       0.46553303982330280     
   42.600000000000335       0.46446508460201519     
   42.700000000000337       0.46340196359401215     
   42.800000000000338       0.46234364437879399     
   42.900000000000340       0.46129009482254318     
   43.000000000000341       0.46024128307498674     
   43.100000000000342       0.45919717756629985     
   43.200000000000344       0.45815774700404865     
   43.300000000000345       0.45712296037017464     
   43.400000000000347       0.45609278691801591     
   43.500000000000348       0.45506719616936819     
   43.600000000000350       0.45404615791158381     
   43.700000000000351       0.45302964219470676     
   43.800000000000352       0.45201761932864615     
   43.900000000000354       0.45101005988038434     
   44.000000000000355       0.45000693467122188     
   44.100000000000357       0.44900821477405733     
   44.200000000000358       0.44801387151070099     
   44.300000000000360       0.44702387644922353     
   44.400000000000361       0.44603820140133826     
   44.500000000000362       0.44505681841981609     
   44.600000000000364       0.44407969979593276     
   44.700000000000365       0.44310681805694990     
   44.800000000000367       0.44213814596362550     
   44.900000000000368       0.44117365650775708     
   45.000000000000369       0.44021332290975562     
   45.100000000000371       0.43925711861624922     
   45.200000000000372       0.43830501729771670     
   45.300000000000374       0.43735699284615143     
   45.400000000000375       0.43641301937275273     
   45.500000000000377       0.43547307120564788     
   45.600000000000378       0.43453712288764035     
   45.700000000000379       0.43360514917398635     
   45.800000000000381       0.43267712503020089     
   45.900000000000382       0.43175302562988721     
   46.000000000000384       0.43083282635259545     
   46.100000000000385       0.42991650278170684     
   46.200000000000387       0.42900403070234383     
   46.300000000000388       0.42809538609930509     
   46.400000000000389       0.42719054515502691     
   46.500000000000391       0.42628948424756846     
   46.600000000000392       0.42539217994862100     
   46.700000000000394       0.42449860902154324     
   46.800000000000395       0.42360874841941776     
   46.900000000000396       0.42272257528313301     
   47.000000000000398       0.42184006693948745     
   47.100000000000399       0.42096120089931682     
   47.200000000000401       0.42008595485564276     
   47.300000000000402       0.41921430668184601     
   47.400000000000404       0.41834623442985835     
   47.500000000000405       0.41748171632837883     
   47.600000000000406       0.41662073078110978     
   47.700000000000408       0.41576325636501338     
   47.800000000000409       0.41490927182859083     
   47.900000000000411       0.41405875609017950     
   48.000000000000412       0.41321168823627163     
   48.100000000000414       0.41236804751985340     
   48.200000000000415       0.41152781335876099     
   48.300000000000416       0.41069096533405947     
   48.400000000000418       0.40985748318843734     
   48.500000000000419       0.40902734682462238     
   48.600000000000421       0.40820053630381464     
   48.700000000000422       0.40737703184413776     
   48.800000000000423       0.40655681381910919     
   48.900000000000425       0.40573986275612695     
   49.000000000000426       0.40492615933497494     
   49.100000000000428       0.40411568438634515     
   49.200000000000429       0.40330841889037672     
   49.300000000000431       0.40250434397521206     
   49.400000000000432       0.40170344091557003     
   49.500000000000433       0.40090569113133406     
   49.600000000000435       0.40011107618615888     
   49.700000000000436       0.39931957778609029     
   49.800000000000438       0.39853117777820291     
   49.900000000000439       0.39774585814925273     
   50.000000000000441       0.39696360102434475     
   50.100000000000442       0.39618438866561601     
   50.200000000000443       0.39540820347093358     
   50.300000000000445       0.39463502797260697     
   50.400000000000446       0.39386484483611550     
   50.500000000000448       0.39309763685885007     
   50.600000000000449       0.39233338696886816     
   50.700000000000450       0.39157207822366435     
   50.800000000000452       0.39081369380895292     
   50.900000000000453       0.39005821703746613     
   51.000000000000455       0.38930563134776325     
   51.100000000000456       0.38855592030305558     
   51.200000000000458       0.38780906759004274     
   51.300000000000459       0.38706505701776273     
   51.400000000000460       0.38632387251645439     
   51.500000000000462       0.38558549813643250     
   51.600000000000463       0.38484991804697544     
   51.700000000000465       0.38411711653522546     
   51.800000000000466       0.38338707800509997     
   51.900000000000468       0.38265978697621611     
   52.000000000000469       0.38193522808282604     
   52.100000000000470       0.38121338607276467     
   52.200000000000472       0.38049424580640873     
   52.300000000000473       0.37977779225564662     
   52.400000000000475       0.37906401050286059     
   52.500000000000476       0.37835288573991865     
   52.600000000000477       0.37764440326717846     
   52.700000000000479       0.37693854849250180     
   52.800000000000480       0.37623530693027946     
   52.900000000000482       0.37553466420046677     
   53.000000000000483       0.37483660602762980     
   53.100000000000485       0.37414111824000096     
   53.200000000000486       0.37344818676854619     
   53.300000000000487       0.37275779764604111     
   53.400000000000489       0.37206993700615654     
   53.500000000000490       0.37138459108255584     
   53.600000000000492       0.37070174620799967     
   53.700000000000493       0.37002138881346147     
   53.800000000000495       0.36934350542725231     
   53.900000000000496       0.36866808267415457     
   54.000000000000497       0.36799510727456530     
   54.100000000000499       0.36732456604364788     
   54.200000000000500       0.36665644589049406     
   54.300000000000502       0.36599073381729319     
   54.400000000000503       0.36532741691851128     
   54.500000000000504       0.36466648238007837     
   54.600000000000506       0.36400791747858419     
   54.700000000000507       0.36335170958048285     
   54.800000000000509       0.36269784614130512     
   54.900000000000510       0.36204631470487941     
   55.000000000000512       0.36139710290256111     
   55.100000000000513       0.36075019845246886     
   55.200000000000514       0.36010558915873025     
   55.300000000000516       0.35946326291073388     
   55.400000000000517       0.35882320768239062     
   55.500000000000519       0.35818541153140099     
   55.600000000000520       0.35754986259853111     
   55.700000000000522       0.35691654910689630     
   55.800000000000523       0.35628545936125106     
   55.900000000000524       0.35565658174728698     
   56.000000000000526       0.35502990473093798     
   56.100000000000527       0.35440541685769228     
   56.200000000000529       0.35378310675191144     
   56.300000000000530       0.35316296311615658     
   56.400000000000531       0.35254497473052154     
   56.500000000000533       0.35192913045197211     
   56.600000000000534       0.35131541921369286     
   56.700000000000536       0.35070383002444022     
   56.800000000000537       0.35009435196790206     
   56.900000000000539       0.34948697420206332     
   57.000000000000540       0.34888168595857905     
   57.100000000000541       0.34827847654215305     
   57.200000000000543       0.34767733532992290     
   57.300000000000544       0.34707825177085089     
   57.400000000000546       0.34648121538512150     
   57.500000000000547       0.34588621576354506     
   57.600000000000549       0.34529324256696653     
   57.700000000000550       0.34470228552568100     
   57.800000000000551       0.34411333443885422     
   57.900000000000553       0.34352637917395040     
   58.000000000000554       0.34294140966616332     
   58.100000000000556       0.34235841591785532     
   58.200000000000557       0.34177738799800061     
   58.300000000000558       0.34119831604163442     
   58.400000000000560       0.34062119024930754     
   58.500000000000561       0.34004600088654618     
   58.600000000000563       0.33947273828331742     
   58.700000000000564       0.33890139283349935     
   58.800000000000566       0.33833195499435675     
   58.900000000000567       0.33776441528602263     
   59.000000000000568       0.33719876429098294     
   59.100000000000570       0.33663499265356805     
   59.200000000000571       0.33607309107944866     
   59.300000000000573       0.33551305033513645     
   59.400000000000574       0.33495486124748924     
   59.500000000000576       0.33439851470322218     
   59.600000000000577       0.33384400164842215     
   59.700000000000578       0.33329131308806770     
   59.800000000000580       0.33274044008555376     
   59.900000000000581       0.33219137376222002     
   60.000000000000583       0.33164410529688548     
   60.100000000000584       0.33109862592538541     
   60.200000000000585       0.33055492694011407     
   60.300000000000587       0.33001299968957198     
   60.400000000000588       0.32947283557791673     
   60.500000000000590       0.32893442606451812     
   60.600000000000591       0.32839776266351844     
   60.700000000000593       0.32786283694339580     
   60.800000000000594       0.32732964052653202     
   60.900000000000595       0.32679816508878556     
   61.000000000000597       0.32626840235906684     
   61.100000000000598       0.32574034411891850     
   61.200000000000600       0.32521398220209957     
   61.300000000000601       0.32468930849417371     
   61.400000000000603       0.32416631493210113     
   61.500000000000604       0.32364499350383374     
   61.600000000000605       0.32312533624791551     
   61.700000000000607       0.32260733525308471     
   61.800000000000608       0.32209098265788222     
   61.900000000000610       0.32157627065026095     
   62.000000000000611       0.32106319146720080     
   62.100000000000612       0.32055173739432657     
   62.200000000000614       0.32004190076552869     
   62.300000000000615       0.31953367396258953     
   62.400000000000617       0.31902704941481014     
   62.500000000000618       0.31852201959864329     
   62.600000000000620       0.31801857703732855     
   62.700000000000621       0.31751671430053052     
   62.800000000000622       0.31701642400398100     
   62.900000000000624       0.31651769880912434     
   63.000000000000625       0.31602053142276615     
   63.100000000000627       0.31552491459672416     
   63.200000000000628       0.31503084112748425     
   63.300000000000630       0.31453830385585763     
   63.400000000000631       0.31404729566664269     
   63.500000000000632       0.31355780948828921     
   63.600000000000634       0.31306983829256468     
   63.700000000000635       0.31258337509422673     
   63.800000000000637       0.31209841295069418     
   63.900000000000638       0.31161494496172504     
   64.000000000000639       0.31113296426909515     
   64.100000000000634       0.31065246405628005     
   64.200000000000628       0.31017343754814064     
   64.300000000000622       0.30969587801061066     
   64.400000000000617       0.30921977875038698     
   64.500000000000611       0.30874513311462420     
   64.600000000000605       0.30827193449062956     
   64.700000000000600       0.30780017630556250     
   64.800000000000594       0.30732985202613650     
   64.900000000000588       0.30686095515832268     
   65.000000000000583       0.30639347924705729     
   65.100000000000577       0.30592741787595096     
   65.200000000000571       0.30546276466700084     
   65.300000000000566       0.30499951328030550     
   65.400000000000560       0.30453765741378164     
   65.500000000000554       0.30407719080288431     
   65.600000000000549       0.30361810722032889     
   65.700000000000543       0.30316040047581566     
   65.800000000000537       0.30270406441575654     
   65.900000000000531       0.30224909292300556     
   66.000000000000526       0.30179547991658956     
   66.100000000000520       0.30134321935144331     
   66.200000000000514       0.30089230521814520     
   66.300000000000509       0.30044273154265683     
   66.400000000000503       0.29999449238606357     
   66.500000000000497       0.29954758184431840     
   66.600000000000492       0.29910199404798704     
   66.700000000000486       0.29865772316199635     
   66.800000000000480       0.29821476338538383     
   66.900000000000475       0.29777310895104997     
   67.000000000000469       0.29733275412551297     
   67.100000000000463       0.29689369320866443     
   67.200000000000458       0.29645592053352893     
   67.300000000000452       0.29601943046602386     
   67.400000000000446       0.29558421740472229     
   67.500000000000441       0.29515027578061814     
   67.600000000000435       0.29471760005689274     
   67.700000000000429       0.29428618472868329     
   67.800000000000423       0.29385602432285413     
   67.900000000000418       0.29342711339776933     
   68.000000000000412       0.29299944654306714     
   68.100000000000406       0.29257301837943700     
   68.200000000000401       0.29214782355839752     
   68.300000000000395       0.29172385676207752     
   68.400000000000389       0.29130111270299741     
   68.500000000000384       0.29087958612385451     
   68.600000000000378       0.29045927179730752     
   68.700000000000372       0.29004016452576586     
   68.800000000000367       0.28962225914117751     
   68.900000000000361       0.28920555050482205     
   69.000000000000355       0.28879003350710253     
   69.100000000000350       0.28837570306734062     
   69.200000000000344       0.28796255413357325     
   69.300000000000338       0.28755058168235109     
   69.400000000000333       0.28713978071853785     
   69.500000000000327       0.28673014627511267     
   69.600000000000321       0.28632167341297260     
   69.700000000000315       0.28591435722073855     
   69.800000000000310       0.28550819281456075     
   69.900000000000304       0.28510317533792756     
   70.000000000000298       0.28469929996147531     
   70.100000000000293       0.28429656188279911     
   70.200000000000287       0.28389495632626621     
   70.300000000000281       0.28349447854283044     
   70.400000000000276       0.28309512380984780     
   70.500000000000270       0.28269688743089449     
   70.600000000000264       0.28229976473558560     
   70.700000000000259       0.28190375107939575     
   70.800000000000253       0.28150884184348096     
   70.900000000000247       0.28111503243450225     
   71.000000000000242       0.28072231828445032     
   71.100000000000236       0.28033069485047224     
   71.200000000000230       0.27994015761469893     
   71.300000000000225       0.27955070208407418     
   71.400000000000219       0.27916232379018557     
   71.500000000000213       0.27877501828909645     
   71.600000000000207       0.27838878116117871     
   71.700000000000202       0.27800360801094792     
   71.800000000000196       0.27761949446689921     
   71.900000000000190       0.27723643618134447     
   72.000000000000185       0.27685442883025146     
   72.100000000000179       0.27647346811308299     
   72.200000000000173       0.27609354975263883     
   72.300000000000168       0.27571466949489820     
   72.400000000000162       0.27533682310886304     
   72.500000000000156       0.27496000638640361     
   72.600000000000151       0.27458421514210479     
   72.700000000000145       0.27420944521311291     
   72.800000000000139       0.27383569245898559     
   72.900000000000134       0.27346295276154092     
   73.000000000000128       0.27309122202470870     
   73.100000000000122       0.27272049617438304     
   73.200000000000117       0.27235077115827616     
   73.300000000000111       0.27198204294577211     
   73.400000000000105       0.27161430752778365     
   73.500000000000099       0.27124756091660879     
   73.600000000000094       0.27088179914578897     
   73.700000000000088       0.27051701826996821     
   73.800000000000082       0.27015321436475376     
   73.900000000000077       0.26979038352657725     
   74.000000000000071       0.26942852187255767     
   74.100000000000065       0.26906762554036440     
   74.200000000000060       0.26870769068808265     
   74.300000000000054       0.26834871349407874     
   74.400000000000048       0.26799069015686716     
   74.500000000000043       0.26763361689497833     
   74.600000000000037       0.26727748994682760     
   74.700000000000031       0.26692230557058522     
   74.800000000000026       0.26656806004404726     
   74.900000000000020       0.26621474966450764     
   75.000000000000014       0.26586237074863084     
   75.100000000000009       0.26551091963232631     
   75.200000000000003       0.26516039267062286     
   75.299999999999997       0.26481078623754506     
   75.399999999999991       0.26446209672598980     
   75.499999999999986       0.26411432054760431     
   75.599999999999980       0.26376745413266461     
   75.699999999999974       0.26342149392995556     
   75.799999999999969       0.26307643640665140     
   75.899999999999963       0.26273227804819693     
   75.999999999999957       0.26238901535819070     
   76.099999999999952       0.26204664485826767     
   76.199999999999946       0.26170516308798375     
   76.299999999999940       0.26136456660470114     
   76.399999999999935       0.26102485198347392     
   76.499999999999929       0.26068601581693529     
   76.599999999999923       0.26034805471518518     
   76.699999999999918       0.26001096530567908     
   76.799999999999912       0.25967474423311693     
   76.899999999999906       0.25933938815933422     
   76.999999999999901       0.25900489376319252     
   77.099999999999895       0.25867125774047156     
   77.199999999999889       0.25833847680376243     
   77.299999999999883       0.25800654768236053     
   77.399999999999878       0.25767546712216044     
   77.499999999999872       0.25734523188555086     
   77.599999999999866       0.25701583875131079     
   77.699999999999861       0.25668728451450606     
   77.799999999999855       0.25635956598638726     
   77.899999999999849       0.25603267999428764     
   77.999999999999844       0.25570662338152239     
   78.099999999999838       0.25538139300728846     
   78.199999999999832       0.25505698574656516     
   78.299999999999827       0.25473339849001547     
   78.399999999999821       0.25441062814388815     
   78.499999999999815       0.25408867162992027     
   78.599999999999810       0.25376752588524143     
   78.699999999999804       0.25344718786227688     
   78.799999999999798       0.25312765452865371     
   78.899999999999793       0.25280892286710555     
   78.999999999999787       0.25249098987537938     
   79.099999999999781       0.25217385256614244     
   79.199999999999775       0.25185750796689027     
   79.299999999999770       0.25154195311985450     
   79.399999999999764       0.25122718508191250     
   79.499999999999758       0.25091320092449704     
   79.599999999999753       0.25059999773350650     
   79.699999999999747       0.25028757260921619     
   79.799999999999741       0.24997592266618981     
   79.899999999999736       0.24966504503319240     
   79.999999999999730       0.24935493685310253     
   80.099999999999724       0.24904559528282680     
   80.199999999999719       0.24873701749321361     
   80.299999999999713       0.24842920066896829     
   80.399999999999707       0.24812214200856847     
   80.499999999999702       0.24781583872418048     
   80.599999999999696       0.24751028804157602     
   80.699999999999690       0.24720548720004942     
   80.799999999999685       0.24690143345233564     
   80.899999999999679       0.24659812406452922     
   80.999999999999673       0.24629555631600261     
   81.099999999999667       0.24599372749932688     
   81.199999999999662       0.24569263492019133     
   81.299999999999656       0.24539227589732460     
   81.399999999999650       0.24509264776241638     
   81.499999999999645       0.24479374786003899     
   81.599999999999639       0.24449557354757037     
   81.699999999999633       0.24419812219511683     
   81.799999999999628       0.24390139118543736     
   81.899999999999622       0.24360537791386710     
   81.999999999999616       0.24331007978824271     
   82.099999999999611       0.24301549422882759     
   82.199999999999605       0.24272161866823738     
   82.299999999999599       0.24242845055136689     
   82.399999999999594       0.24213598733531658     
   82.499999999999588       0.24184422648932011     
   82.599999999999582       0.24155316549467246     
   82.699999999999577       0.24126280184465815     
   82.799999999999571       0.24097313304448037     
   82.899999999999565       0.24068415661119016     
   82.999999999999559       0.24039587007361690     
   83.099999999999554       0.24010827097229825     
   83.199999999999548       0.23982135685941136     
   83.299999999999542       0.23953512529870433     
   83.399999999999537       0.23924957386542792     
   83.499999999999531       0.23896470014626825     
   83.599999999999525       0.23868050173927932     
   83.699999999999520       0.23839697625381673     
   83.799999999999514       0.23811412131047119     
   83.899999999999508       0.23783193454100296     
   83.999999999999503       0.23755041358827650     
   84.099999999999497       0.23726955610619577     
   84.199999999999491       0.23698935975963964     
   84.299999999999486       0.23670982222439835     
   84.399999999999480       0.23643094118710969     
   84.499999999999474       0.23615271434519619     
   84.599999999999469       0.23587513940680238     
   84.699999999999463       0.23559821409073278     
   84.799999999999457       0.23532193612639016     
   84.899999999999451       0.23504630325371417     
   84.999999999999446       0.23477131322312050     
   85.099999999999440       0.23449696379544041     
   85.199999999999434       0.23422325274186076     
   85.299999999999429       0.23395017784386446     
   85.399999999999423       0.23367773689317092     
   85.499999999999417       0.23340592769167767     
   85.599999999999412       0.23313474805140169     
   85.699999999999406       0.23286419579442161     
   85.799999999999400       0.23259426875281974     
   85.899999999999395       0.23232496476862552     
   85.999999999999389       0.23205628169375794     
   86.099999999999383       0.23178821738996955     
   86.199999999999378       0.23152076972879063     
   86.299999999999372       0.23125393659147281     
   86.399999999999366       0.23098771586893446     
   86.499999999999361       0.23072210546170555     
   86.599999999999355       0.23045710327987315     
   86.699999999999349       0.23019270724302704     
   86.799999999999343       0.22992891528020623     
   86.899999999999338       0.22966572532984547     
   86.999999999999332       0.22940313533972190     
   87.099999999999326       0.22914114326690266     
   87.199999999999321       0.22887974707769246     
   87.299999999999315       0.22861894474758146     
   87.399999999999309       0.22835873426119366     
   87.499999999999304       0.22809911361223564     
   87.599999999999298       0.22784008080344567     
   87.699999999999292       0.22758163384654287     
   87.799999999999287       0.22732377076217697     
   87.899999999999281       0.22706648957987874     
   87.999999999999275       0.22680978833800972     
   88.099999999999270       0.22655366508371358     
   88.199999999999264       0.22629811787286680     
   88.299999999999258       0.22604314477003007     
   88.399999999999253       0.22578874384840006     
   88.499999999999247       0.22553491318976154     
   88.599999999999241       0.22528165088443955     
   88.699999999999235       0.22502895503125200     
   88.799999999999230       0.22477682373746291     
   88.899999999999224       0.22452525511873539     
   88.999999999999218       0.22427424729908560     
   89.099999999999213       0.22402379841083608     
   89.199999999999207       0.22377390659457064     
   89.299999999999201       0.22352456999908815     
   89.399999999999196       0.22327578678135795     
   89.499999999999190       0.22302755510647462     
   89.599999999999184       0.22277987314761336     
   89.699999999999179       0.22253273908598592     
   89.799999999999173       0.22228615111079628     
   89.899999999999167       0.22204010741919708     
   89.999999999999162       0.22179460621624619     
   90.099999999999156       0.22154964571486346     
   90.199999999999150       0.22130522413578793     
   90.299999999999145       0.22106133970753500     
   90.399999999999139       0.22081799066635463     
   90.499999999999133       0.22057517525618839     
   90.599999999999127       0.22033289172862872     
   90.699999999999122       0.22009113834287677     
   90.799999999999116       0.21984991336570114     
   90.899999999999110       0.21960921507139750     
   90.999999999999105       0.21936904174174696     
   91.099999999999099       0.21912939166597653     
   91.199999999999093       0.21889026314071841     
   91.299999999999088       0.21865165446997031     
   91.399999999999082       0.21841356396505554     
   91.499999999999076       0.21817598994458390     
   91.599999999999071       0.21793893073441237     
   91.699999999999065       0.21770238466760608     
   91.799999999999059       0.21746635008439988     
   91.899999999999054       0.21723082533215993     
   91.999999999999048       0.21699580876534530     
   92.099999999999042       0.21676129874547032     
   92.199999999999037       0.21652729364106679     
   92.299999999999031       0.21629379182764646     
   92.399999999999025       0.21606079168766421     
   92.499999999999019       0.21582829161048037     
   92.599999999999014       0.21559628999232489     
   92.699999999999008       0.21536478523626010     
   92.799999999999002       0.21513377575214493     
   92.899999999998997       0.21490325995659867     
   92.999999999998991       0.21467323627296514     
   93.099999999998985       0.21444370313127739     
   93.199999999998980       0.21421465896822192     
   93.299999999998974       0.21398610222710390     
   93.399999999998968       0.21375803135781232     
   93.499999999998963       0.21353044481678499     
   93.599999999998957       0.21330334106697410     
   93.699999999998951       0.21307671857781249     
   93.799999999998946       0.21285057582517886     
   93.899999999998940       0.21262491129136471     
   93.999999999998934       0.21239972346504002     
   94.099999999998929       0.21217501084122045     
   94.199999999998923       0.21195077192123388     
   94.299999999998917       0.21172700521268720     
   94.399999999998911       0.21150370922943418     
   94.499999999998906       0.21128088249154228     
   94.599999999998900       0.21105852352526064     
   94.699999999998894       0.21083663086298762     
   94.799999999998889       0.21061520304323919     
   94.899999999998883       0.21039423861061710     
   94.999999999998877       0.21017373611577700     
   95.099999999998872       0.20995369411539733     
   95.199999999998866       0.20973411117214821     
   95.299999999998860       0.20951498585466014     
   95.399999999998855       0.20929631673749372     
   95.499999999998849       0.20907810240110841     
   95.599999999998843       0.20886034143183269     
   95.699999999998838       0.20864303242183352     
   95.799999999998832       0.20842617396908628     
   95.899999999998826       0.20820976467734531     
   95.999999999998820       0.20799380315611349     
   96.099999999998815       0.20777828802061363     
   96.199999999998809       0.20756321789175849     
   96.299999999998803       0.20734859139612200     
   96.399999999998798       0.20713440716591014     
   96.499999999998792       0.20692066383893240     
   96.599999999998786       0.20670736005857276     
   96.699999999998781       0.20649449447376186     
   96.799999999998775       0.20628206573894808     
   96.899999999998769       0.20607007251407009     
   96.999999999998764       0.20585851346452855     
   97.099999999998758       0.20564738726115836     
   97.199999999998752       0.20543669258020156     
   97.299999999998747       0.20522642810327910     
   97.399999999998741       0.20501659251736454     
   97.499999999998735       0.20480718451475632     
   97.599999999998730       0.20459820279305108     
   97.699999999998724       0.20438964605511700     
   97.799999999998718       0.20418151300906701     
   97.899999999998712       0.20397380236823265     
   97.999999999998707       0.20376651285113734     
   98.099999999998701       0.20355964318147091     
   98.199999999998695       0.20335319208806316     
   98.299999999998690       0.20314715830485822     
   98.399999999998684       0.20294154057088898     
   98.499999999998678       0.20273633763025156     
   98.599999999998673       0.20253154823207983     
   98.699999999998667       0.20232717113052073     
   98.799999999998661       0.20212320508470843     
   98.899999999998656       0.20191964885874017     
   98.999999999998650       0.20171650122165125     
   99.099999999998644       0.20151376094739046     
   99.199999999998639       0.20131142681479566     
   99.299999999998633       0.20110949760756941     
   99.399999999998627       0.20090797211425498     
   99.499999999998622       0.20070684912821218     
   99.599999999998616       0.20050612744759364     
   99.699999999998610       0.20030580587532101     
   99.799999999998604       0.20010588321906145     
   99.899999999998599       0.19990635829120407     
   99.999999999998593       0.19970722990883671     
