   0.0000000000000000        1.0000000000000000     
  0.10000000000000001       0.99833333333500651     
  0.20000000000000001       0.98666666876110676     
  0.30000000000000004       0.95500016579439451     
  0.40000000000000002       0.89333718420096353     
  0.50000000000000000       0.79171124162190754     
  0.59999999999999998       0.64033049139832032     
  0.69999999999999996       0.43013290999629561     
  0.79999999999999993       0.15448083943192714     
  0.89999999999999991      -0.18645998990369134     
  0.99999999999999989      -0.57573288661946620     
   1.0999999999999999      -0.95891087049930346     
   1.2000000000000000       -1.2044490400771097     
   1.3000000000000000       -1.0322742302117907     
   1.4000000000000001       0.10835140573774860     
   1.5000000000000002        3.2388391985376033     
   1.6000000000000003        10.166897555903876     
   1.7000000000000004        23.968957454927665     
   1.8000000000000005        49.707351999500091     
   1.9000000000000006        95.470795648137283     
   2.0000000000000004        173.85167486160532     
   2.1000000000000005        304.00358137574528     
   2.2000000000000006        514.45800896889830     
   2.3000000000000007        846.92084764933077     
   2.4000000000000008        1361.3179351080591     
   2.5000000000000009        2142.4151898264745     
   2.6000000000000010        3308.4035154441690     
   2.7000000000000011        5021.9125302163584     
   2.8000000000000012        7504.0010732463106     
   2.9000000000000012        11051.767241578167     
   3.0000000000000013        16060.327326379571     
   3.1000000000000014        23050.032385819493     
   3.2000000000000015        32699.924296630652     
   3.3000000000000016        45888.580981801941     
   3.4000000000000017        63743.664170726261     
   3.5000000000000018        87701.663599073130     
   3.6000000000000019        119579.53012359154     
   3.7000000000000020        161660.10797319232     
   3.8000000000000020        216793.51447951567     
   3.9000000000000021        288516.87536154879     
   4.0000000000000018        381195.10624980379     
   4.1000000000000014        500185.73793246021     
   4.2000000000000011        652031.11513138248     
   4.3000000000000007        844681.65784897760     
   4.4000000000000004        1087754.2618826977     
   4.5000000000000000        1392830.3324341383     
   4.5999999999999996        1773798.3933319345     
   4.6999999999999993        2247246.6957661305     
   4.7999999999999989        2832911.7661567410     
   4.8999999999999986        3554189.3844475532     
   4.9999999999999982        4438715.0733607607     
   5.0999999999999979        5519021.8076380314     
   5.1999999999999975        6833283.3217346380     
   5.2999999999999972        8426152.1065671444     
   5.3999999999999968        10349701.942519916     
   5.4999999999999964        12664485.618805913     
   5.5999999999999961        15440719.340303335     
   5.6999999999999957        18759606.224038936     
   5.7999999999999954        22714812.240484238     
   5.8999999999999950        27414108.961732190     
   5.9999999999999947        32981198.541424699     
   6.0999999999999943        39557737.472038299     
   6.1999999999999940        47305576.845874049     
   6.2999999999999936        56409238.088943698     
   6.3999999999999932        67078644.444037892     
   6.4999999999999929        79552129.852781087     
   6.5999999999999925        94099748.328635618     
   6.6999999999999922        111026908.42586362     
   6.7999999999999918        130678358.99567656     
   6.8999999999999915        153442554.08252040     
   6.9999999999999911        179756426.55301851     
   7.0999999999999908        210110601.86991954     
   7.1999999999999904        245055085.32590482     
   7.2999999999999901        285205458.03976661     
   7.3999999999999897        331249619.09277970     
   7.4999999999999893        383955113.34859282     
   7.5999999999999890        444177086.75824195     
   7.6999999999999886        512866913.30554444     
   7.7999999999999883        591081540.19982338     
   7.8999999999999879        679993600.47531903     
   7.9999999999999876        780902344.81248963     
   8.0999999999999872        895245447.15844727     
   8.1999999999999869        1024611741.5948081     
   8.2999999999999865        1170754950.8840926     
   8.3999999999999861        1335608470.2233536     
   8.4999999999999858        1521301272.9488482     
   8.5999999999999854        1730175008.2712281     
   8.6999999999999851        1964802364.5799046     
   8.7999999999999847        2228006775.4409256     
   8.8999999999999844        2522883549.1279621     
   8.9999999999999840        2852822506.3739109     
   9.0999999999999837        3221532215.0142903     
   9.1999999999999833        3633065914.3162236     
   9.2999999999999829        4091849226.0515275     
   9.3999999999999826        4602709753.7825031     
   9.4999999999999822        5170908676.3877258     
   9.5999999999999819        5802174446.5657578     
   9.6999999999999815        6502738709.9205599     
   9.7999999999999812        7279374565.2569170     
   9.8999999999999808        8139437291.9007215     
   9.9999999999999805        9090907675.2110195     
   10.099999999999980        10142438066.971727     
   10.199999999999980        11303401323.044466     
   10.299999999999979        12583942766.533493     
   10.399999999999979        13995035330.762959     
   10.499999999999979        15548538042.599157     
   10.599999999999978        17257258013.069901     
   10.699999999999978        19135016108.843174     
   10.799999999999978        21196716484.931667     
   10.899999999999977        23458420165.992393     
   10.999999999999977        25937422870.795128     
   11.099999999999977        28652337281.843723     
   11.199999999999976        31623179969.754501     
   11.299999999999976        34871463189.829445     
   11.399999999999975        38420291776.313248     
   11.499999999999975        42294465368.095963     
   11.599999999999975        46520586208.121437     
   11.699999999999974        51127172767.489662     
   11.799999999999974        56144779454.202927     
   11.899999999999974        61606122675.705330     
   11.999999999999973        67546213533.806984     
   12.099999999999973        74002497440.271957     
   12.199999999999973        81015000951.287888     
   12.299999999999972        88626486129.228058     
   12.399999999999972        96882612750.569443     
   12.499999999999972        105832108689.54590     
   12.599999999999971        115526948818.09956     
   12.699999999999971        126022542773.94933     
   12.799999999999971        137377931960.12820     
   12.899999999999970        149655996151.15540     
   12.999999999999970        162923670093.10852     
   13.099999999999969        177252170497.25174     
   13.199999999999969        192717233839.56058     
   13.299999999999969        209399365391.46927     
   13.399999999999968        227384099920.45480     
   13.499999999999968        246762274512.67068     
   13.599999999999968        267630313983.75458     
   13.699999999999967        290090529358.16486     
   13.799999999999967        314251429911.95453     
   13.899999999999967        340228049288.77283     
   13.999999999999966        368142286214.10059     
   14.099999999999966        398123260348.27783     
   14.199999999999966        430307683834.77869     
   14.299999999999965        464840249116.43329     
   14.399999999999965        501874033608.89337     
   14.499999999999964        541570921837.59381     
   14.599999999999964        584102045661.78125     
   14.699999999999964        629648243226.86926     
   14.799999999999963        678400537304.43799     
   14.899999999999963        730560633697.63977     
   14.999999999999963        786341440408.59229     
   15.099999999999962        845967608283.55701     
   15.199999999999962        909676093871.30774     
   15.299999999999962        977716745250.10205     
   15.399999999999961        1050352911599.0830     
   15.499999999999961        1127862077310.7629     
   15.599999999999961        1210536521462.4822     
   15.699999999999960        1298684003486.3992     
   15.799999999999960        1392628475899.6589     
   15.899999999999959        1492710824978.9106     
   15.999999999999959        1599289640286.3079     
   16.099999999999959        1712742013977.5330     
   16.199999999999960        1833464370846.2417     
   16.299999999999962        1961873330083.6394     
   16.399999999999963        2098406599756.6741     
   16.499999999999964        2243523905033.5732     
   16.599999999999966        2397707951211.1670     
   16.699999999999967        2561465422624.6333     
   16.799999999999969        2735328018546.9824     
   16.899999999999970        2919853527212.7656     
   16.999999999999972        3115626939128.1646     
   17.099999999999973        3323261600857.7798     
   17.199999999999974        3543400410507.1299     
   17.299999999999976        3776717056149.0508     
   17.399999999999977        4023917298471.9170     
   17.499999999999979        4285740298957.8359     
   17.599999999999980        4562959994929.7520     
   17.699999999999982        4856386522837.7148     
   17.799999999999983        5166867691186.4189     
   17.899999999999984        5495290504538.5508     
   17.999999999999986        5842582740061.4453     
   18.099999999999987        6209714578118.0986     
   18.199999999999989        6597700288437.6855     
   18.299999999999990        7007599973435.4365     
   18.399999999999991        7440521370286.9844     
   18.499999999999993        7897621713398.1699     
   18.599999999999994        8380109658947.7568     
   18.699999999999996        8889247273217.5586     
   18.799999999999997        9426352086462.1895     
   18.899999999999999        9992799214108.9043     
   19.000000000000000        10590023547116.961     
   19.100000000000001        11219522013365.445     
   19.200000000000003        11882855911978.727     
   19.300000000000004        12581653322539.504     
   19.400000000000006        13317611591180.945     
   19.500000000000007        14092499895591.492     
   19.600000000000009        14908161891008.795     
   19.700000000000010        15766518439322.646     
   19.800000000000011        16669570423451.004     
   19.900000000000013        17619401649198.000     
   20.000000000000014        18618181836848.398     
   20.100000000000016        19668169704799.203     
   20.200000000000017        20771716147576.031     
   20.300000000000018        21931267510629.613     
   20.400000000000020        23149368964356.059     
   20.500000000000021        24428667979833.730     
   20.600000000000023        25771917908819.406     
   20.700000000000024        27181981670596.934     
   20.800000000000026        28661835548323.055     
   20.900000000000027        30214573097567.062     
   21.000000000000028        31843409169793.898     
   21.100000000000030        33551684053593.934     
   21.200000000000031        35342867736517.078     
   21.300000000000033        37220564290424.117     
   21.400000000000034        39188516383324.141     
   21.500000000000036        41250609920723.812     
   21.600000000000037        43410878819571.789     
   21.700000000000038        45673509917940.070     
   21.800000000000040        48042848023643.375     
   21.900000000000041        50523401105057.680     
   22.000000000000043        53119845627460.070     
   22.100000000000044        55837032038273.820     
   22.200000000000045        58679990404665.258     
   22.300000000000047        61653936207002.609     
   22.400000000000048        64764276291751.258     
   22.500000000000050        68016614987445.266     
   22.600000000000051        71416760387441.125     
   22.700000000000053        74970730803226.766     
   22.800000000000054        78684761392126.906     
   22.900000000000055        82565310963314.562     
   23.000000000000057        86619068966108.562     
   23.100000000000058        90852962664607.484     
   23.200000000000060        95274164502782.219     
   23.300000000000061        99890099664221.891     
   23.400000000000063        104708453830801.66     
   23.500000000000064        109737181144615.16     
   23.600000000000065        114984512377590.27     
   23.700000000000067        120458963313282.95     
   23.800000000000068        126169343345421.84     
   23.900000000000070        132124764297854.39     
   24.000000000000071        138334649470625.09     
   24.100000000000072        144808742916996.81     
   24.200000000000074        151557118956307.66     
   24.300000000000075        158590191927638.47     
   24.400000000000077        165918726189349.69     
   24.500000000000078        173553846369630.97     
   24.600000000000080        181507047873292.44     
   24.700000000000081        189790207650113.69     
   24.800000000000082        198415595230154.12     
   24.900000000000084        207395884031517.22     
   25.000000000000085        216744162946151.59     
   25.100000000000087        226473948209362.59     
   25.200000000000088        236599195558800.50     
   25.300000000000090        247134312688785.00     
   25.400000000000091        258094172005919.50     
   25.500000000000092        269494123692045.44     
   25.600000000000094        281350009080682.50     
   25.700000000000095        293678174353199.44     
   25.800000000000097        306495484561058.81     
   25.900000000000098        319819337980579.31     
   26.000000000000099        333667680806761.00     
   26.100000000000101        348059022192821.56     
   26.200000000000102        363012449642194.88     
   26.300000000000104        378547644759848.88     
   26.400000000000105        394684899369886.38     
   26.500000000000107        411445132006498.69     
   26.600000000000108        428849904785451.88     
   26.700000000000109        446921440663395.50     
   26.800000000000111        465682641092393.94     
   26.900000000000112        485157104077193.81     
   27.000000000000114        505369142642855.12     
   27.100000000000115        526343803720487.69     
   27.200000000000117        548106887458951.88     
   27.300000000000118        570684966970500.38     
   27.400000000000119        594105408518455.62     
   27.500000000000121        618396392155139.62     
   27.600000000000122        643586932818393.25     
   27.700000000000124        669706901895145.62     
   27.800000000000125        696787049260618.62     
   27.900000000000126        724859025801877.62     
   28.000000000000128        753955406434566.00     
   28.100000000000129        784109713621789.88     
   28.200000000000131        815356441404250.25     
   28.300000000000132        847731079950849.75     
   28.400000000000134        881270140639134.12     
   28.500000000000135        916011181675064.50     
   28.600000000000136        951992834261750.00     
   28.700000000000138        989254829326907.75     
   28.800000000000139        1027838024818957.5     
   28.900000000000141        1067784433581796.2     
   29.000000000000142        1109137251818440.0     
   29.100000000000144        1151940888153864.0     
   29.200000000000145        1196240993307515.8     
   29.300000000000146        1242084490386122.5     
   29.400000000000148        1289519605807560.2     
   29.500000000000149        1338595900866704.2     
   29.600000000000151        1389364303954326.0     
   29.700000000000152        1441877143440260.0     
   29.800000000000153        1496188181232212.0     
   29.900000000000155        1552352647021738.8     
   30.000000000000156        1610427273229085.5     
   30.100000000000158        1670470330658725.8     
   30.200000000000159        1732541664877607.0     
   30.300000000000161        1796702733328269.8     
   30.400000000000162        1863016643189168.5     
   30.500000000000163        1931548189994690.5     
   30.600000000000165        2002363897027531.0     
   30.700000000000166        2075532055496256.5     
   30.800000000000168        2151122765511054.5     
   30.900000000000169        2229207977870840.5     
   31.000000000000171        2309861536675065.5     
   31.100000000000172        2393159222773744.5     
   31.200000000000173        2479178798069402.5     
   31.300000000000175        2568000050684809.0     
   31.400000000000176        2659704841010558.0     
   31.500000000000178        2754377148646731.0     
   31.600000000000179        2852103120253060.0     
   31.700000000000180        2952971118322197.0     
   31.800000000000182        3057071770890886.0     
   31.900000000000183        3164498022204012.5     
   32.000000000000185        3275345184346711.5     
   32.100000000000186        3389710989859891.5     
   32.200000000000188        3507695645354741.5     
   32.300000000000189        3629401886141969.5     
   32.400000000000190        3754935031891734.5     
   32.500000000000192        3884403043340421.0     
   32.600000000000193        4017916580060613.5     
   32.700000000000195        4155589059310834.5     
   32.800000000000196        4297536715981805.5     
   32.900000000000198        4443878663656210.5     
   33.000000000000199        4594736956799141.0     
   33.100000000000200        4750236654096620.0     
   33.200000000000202        4910505882959810.0     
   33.300000000000203        5075675905212730.0     
   33.400000000000205        5245881183981521.0     
   33.500000000000206        5421259451803525.0     
   33.600000000000207        5601951779974646.0     
   33.700000000000209        5788102649153714.0     
   33.800000000000210        5979860021242772.0     
   33.900000000000212        6177375412562442.0     
   34.000000000000213        6380803968341766.0     
   34.100000000000215        6590304538542128.0     
   34.200000000000216        6806039755035120.0     
   34.300000000000217        7028176110154434.0     
   34.400000000000219        7256884036642103.0     
   34.500000000000220        7492337989009663.0     
   34.600000000000222        7734716526335033.0     
   34.700000000000223        7984202396516177.0     
   34.800000000000225        8240982622002829.0     
   34.900000000000226        8505248587027843.0     
   35.000000000000227        8777196126359952.0     
   35.100000000000229        9057025615599990.0     
   35.200000000000230        9344942063042880.0     
   35.300000000000232        9641155203127946.0     
   35.400000000000233        9945879591500378.0     
   35.500000000000234        10259334701706912.     
   35.600000000000236        10581745023549102.     
   35.700000000000237        10913340163117756.     
   35.800000000000239        11254354944532454.     
   35.900000000000240        11605029513410270.     
   36.000000000000242        11965609442088136.     
   36.100000000000243        12336345836623540.     
   36.200000000000244        12717495445598536.     
   36.300000000000246        13109320770752330.     
   36.400000000000247        13512090179467956.     
   36.500000000000249        13926078019138892.     
   36.600000000000250        14351564733441712.     
   36.700000000000252        14788836980541168.     
   36.800000000000253        15238187753254402.     
   36.900000000000254        15699916501201274.     
   37.000000000000256        16174329254968068.     
   37.100000000000257        16661738752312182.     
   37.200000000000259        17162464566435668.     
   37.300000000000260        17676833236355800.     
   37.400000000000261        18205178399401188.     
   37.500000000000263        18747840925862204.     
   37.600000000000264        19305169055824872.     
   37.700000000000266        19877518538217592.     
   37.800000000000267        20465252772100516.     
   37.900000000000269        21068742950227548.     
   38.000000000000270        21688368204911428.     
   38.100000000000271        22324515756222576.     
   38.200000000000273        22977581062552700.     
   38.300000000000274        23647967973574584.     
   38.400000000000276        24336088885629724.     
   38.500000000000277        25042364899575824.     
   38.600000000000279        25767225981126544.     
   38.700000000000280        26511111123716212.     
   38.800000000000281        27274468513922512.     
   38.900000000000283        28057755699480572.     
   39.000000000000284        28861439759922176.     
   39.100000000000286        29685997479874220.     
   39.200000000000287        30531915525050812.     
   39.300000000000288        31399690620973860.     
   39.400000000000290        32289829734457272.     
   39.500000000000291        33202850257890320.     
   39.600000000000293        34139280196356044.     
   39.700000000000294        35099658357620920.     
   39.800000000000296        36084534545032480.     
   39.900000000000297        37094469753361784.     
   40.000000000000298        38130036367628232.     
