   0.0000000000000000        1.0000000000000000     
   1.0000000000000000E-002  0.99995000124997913     
   2.0000000000000000E-002  0.99980001999866674     
   2.9999999999999999E-002  0.99955010123481425     
   4.0000000000000001E-002  0.99920031991468372     
   5.0000000000000003E-002  0.99875078092458081     
   6.0000000000000005E-002  0.99820161902843718     
   7.0000000000000007E-002  0.99755299880047954     
   8.0000000000000002E-002  0.99680511454303278     
   8.9999999999999997E-002  0.99595819018951326     
   9.9999999999999992E-002  0.99501247919268199     
  0.10999999999999999       0.99396826439823394     
  0.11999999999999998       0.99282585790381284     
  0.12999999999999998       0.99158560090354986     
  0.13999999999999999       0.99024786351823391     
  0.14999999999999999       0.98881304461123209     
  0.16000000000000000       0.98728157159028940     
  0.17000000000000001       0.98565390019534405     
  0.18000000000000002       0.98393051427250688     
  0.19000000000000003       0.98211192553436200     
  0.20000000000000004       0.98019867330675348     
  0.21000000000000005       0.97819132426223543     
  0.22000000000000006       0.97609047214036826     
  0.23000000000000007       0.97389673745505512     
  0.24000000000000007       0.97161076718912065     
  0.25000000000000006       0.96923323447634213     
  0.26000000000000006       0.96676483827115134     
  0.27000000000000007       0.96420630300623511     
  0.28000000000000008       0.96155837823826851     
  0.29000000000000009       0.95882183828202305     
  0.30000000000000010       0.95599748183310074     
  0.31000000000000011       0.95308613157955024     
  0.32000000000000012       0.95008863380263031     
  0.33000000000000013       0.94700585796699099     
  0.34000000000000014       0.94383869630055051     
  0.35000000000000014       0.94058806336435208     
  0.36000000000000015       0.93725489561269082     
  0.37000000000000016       0.93384015094380612     
  0.38000000000000017       0.93034480824144195     
  0.39000000000000018       0.92676986690758145     
  0.40000000000000019       0.92311634638666784     
  0.41000000000000020       0.91938528568162858     
  0.42000000000000021       0.91557774286202387     
  0.43000000000000022       0.91169479456464542     
  0.44000000000000022       0.90773753548689429     
  0.45000000000000023       0.90370707787327176     
  0.46000000000000024       0.89960455099531955     
  0.47000000000000025       0.89543110062534892     
  0.48000000000000026       0.89118788850430175     
  0.49000000000000027       0.88687609180408822     
  0.50000000000000022       0.88249690258474889     
  0.51000000000000023       0.87805152724679081     
  0.52000000000000024       0.87354118597904784     
  0.53000000000000025       0.86896711220241896     
  0.54000000000000026       0.86433055200983711     
  0.55000000000000027       0.85963276360282392     
  0.56000000000000028       0.85487501672498456     
  0.57000000000000028       0.85005859209279866     
  0.58000000000000029       0.84518478082406234     
  0.59000000000000030       0.84025488386433600     
  0.60000000000000031       0.83527021141175239     
  0.61000000000000032       0.83023208234053891     
  0.62000000000000033       0.82514182362360600     
  0.63000000000000034       0.82000076975455205     
  0.64000000000000035       0.81481026216943575     
  0.65000000000000036       0.80957164866866094     
  0.66000000000000036       0.80428628283932058     
  0.67000000000000037       0.79895552347834231     
  0.68000000000000038       0.79358073401677420     
  0.69000000000000039       0.78816328194554897     
  0.70000000000000040       0.78270453824305930     
  0.71000000000000041       0.77720587680487463     
  0.72000000000000042       0.77166867387592586     
  0.73000000000000043       0.76609430748548035     
  0.74000000000000044       0.76048415688522497     
  0.75000000000000044       0.75483960199077149     
  0.76000000000000045       0.74916202282689326     
  0.77000000000000046       0.74345279897679750     
  0.78000000000000047       0.73771330903573207     
  0.79000000000000048       0.73194493006922146     
  0.80000000000000049       0.72614903707621947     
  0.81000000000000050       0.72032700245746251     
  0.82000000000000051       0.71448019548929975     
  0.83000000000000052       0.70860998180327150     
  0.84000000000000052       0.70271772287170087     
  0.85000000000000053       0.69680477549955688     
  0.86000000000000054       0.69087249132284145     
  0.87000000000000055       0.68492221631374550     
  0.88000000000000056       0.67895529029281243     
  0.89000000000000057       0.67297304644834210     
  0.90000000000000058       0.66697681086325833     
  0.91000000000000059       0.66096790204965861     
  0.92000000000000060       0.65494763049125604     
  0.93000000000000060       0.64891729819391630     
  0.94000000000000061       0.64287819824448567     
  0.95000000000000062       0.63683161437809732     
  0.96000000000000063       0.63077882055413681     
  0.97000000000000064       0.62472108054103925     
  0.98000000000000065       0.61865964751008273     
  0.99000000000000066       0.61259576363833523     
   1.0000000000000007       0.60653065972090447     
   1.0100000000000007       0.60046555479263164     
   1.0200000000000007       0.59440165575936177     
   1.0300000000000007       0.58834015703891762     
   1.0400000000000007       0.58228224021189212     
   1.0500000000000007       0.57622907368237097     
   1.0600000000000007       0.57018181234868492     
   1.0700000000000007       0.56414159728428570     
   1.0800000000000007       0.55810955542883112     
   1.0900000000000007       0.55208679928955540     
   1.1000000000000008       0.54607442665299566     
   1.1100000000000008       0.54007352030713440     
   1.1200000000000008       0.53408514777401195     
   1.1300000000000008       0.52811036105285458     
   1.1400000000000008       0.52215019637375570     
   1.1500000000000008       0.51620567396194017     
   1.1600000000000008       0.51027779781263405     
   1.1700000000000008       0.50436755547655432     
   1.1800000000000008       0.49847591785602541     
   1.1900000000000008       0.49260383901172294     
   1.2000000000000008       0.48675225598003558     
   1.2100000000000009       0.48092208860103108     
   1.2200000000000009       0.47511423935700364     
   1.2300000000000009       0.46932959322157319     
   1.2400000000000009       0.46356901751930024     
   1.2500000000000009       0.45783336179577333     
   1.2600000000000009       0.45212345769811851     
   1.2700000000000009       0.44644011886587454     
   1.2800000000000009       0.44078414083217060     
   1.2900000000000009       0.43515630093513680     
   1.3000000000000009       0.42955735823947189     
   1.3100000000000009       0.42398805346808599     
   1.3200000000000010       0.41844910894373050     
   1.3300000000000010       0.41294122854052201     
   1.3400000000000010       0.40746509764525984     
   1.3500000000000010       0.40202138312843333     
   1.3600000000000010       0.39661073332480795     
   1.3700000000000010       0.39123377802347509     
   1.3800000000000010       0.38589112846724494     
   1.3900000000000010       0.38058337736125714     
   1.4000000000000010       0.37531109889067898     
   1.4100000000000010       0.37007484874735674     
   1.4200000000000010       0.36487516416528071     
   1.4300000000000010       0.35971256396472140     
   1.4400000000000011       0.35458754860488889     
   1.4500000000000011       0.34950060024496471     
   1.4600000000000011       0.34445218281335122     
   1.4700000000000011       0.33944274208498026     
   1.4800000000000011       0.33447270576651944     
   1.4900000000000011       0.32954248358931115     
   1.5000000000000011       0.32465246740987641     
   1.5100000000000011       0.31980303131781324     
   1.5200000000000011       0.31499453175091596     
   1.5300000000000011       0.31022730761734019     
   1.5400000000000011       0.30550168042463482     
   1.5500000000000012       0.30081795441546177     
   1.5600000000000012       0.29617641670982087     
   1.5700000000000012       0.29157733745359626     
   1.5800000000000012       0.28702096997323923     
   1.5900000000000012       0.28250755093640029     
   1.6000000000000012       0.27803730051832287     
   1.6100000000000012       0.27361042257380941     
   1.6200000000000012       0.26922710481456985     
   1.6300000000000012       0.26488751899176172     
   1.6400000000000012       0.26059182108353091     
   1.6500000000000012       0.25634015148736083     
   1.6600000000000013       0.25213263521703855     
   1.6700000000000013       0.24796938210404532     
   1.6800000000000013       0.24385048700318002     
   1.6900000000000013       0.23977603000222325     
   1.7000000000000013       0.23574607663545089     
   1.7100000000000013       0.23176067810080586     
   1.7200000000000013       0.22781987148053820     
   1.7300000000000013       0.22392367996512350     
   1.7400000000000013       0.22007211308027128     
   1.7500000000000013       0.21626516691683581     
   1.7600000000000013       0.21250282436344273     
   1.7700000000000014       0.20878505534164671     
   1.7800000000000014       0.20511181704343626     
   1.7900000000000014       0.20148305417090381     
   1.8000000000000014       0.19789869917790051     
   1.8100000000000014       0.19435867251349717     
   1.8200000000000014       0.19086288286707470     
   1.8300000000000014       0.18741122741486926     
   1.8400000000000014       0.18400359206779954     
   1.8500000000000014       0.18063985172040570     
   1.8600000000000014       0.17731987050073211     
   1.8700000000000014       0.17404350202098781     
   1.8800000000000014       0.17081058962882184     
   1.8900000000000015       0.16762096665905246     
   1.9000000000000015       0.16447445668569263     
   1.9100000000000015       0.16137087377411599     
   1.9200000000000015       0.15831002273321129     
   1.9300000000000015       0.15529169936737533     
   1.9400000000000015       0.15231569072819784     
   1.9500000000000015       0.14938177536569464     
   1.9600000000000015       0.14648972357894818     
   1.9700000000000015       0.14363929766601830     
   1.9800000000000015       0.14083025217298820     
   1.9900000000000015       0.13806233414201502     
   2.0000000000000013       0.13533528335825662     
   2.0100000000000011       0.13264883259554996     
   2.0200000000000009       0.13000270786071985     
   2.0300000000000007       0.12739662863639961     
   2.0400000000000005       0.12483030812224939     
   2.0500000000000003       0.12230345347446059     
   2.0600000000000001       0.11981576604343852     
   2.0699999999999998       0.11736694160955892     
   2.0799999999999996       0.11495667061689727     
   2.0899999999999994       0.11258463840483329     
   2.0999999999999992       0.11025052543743669     
   2.1099999999999990       0.10795400753054332     
   2.1199999999999988       0.10569475607643473     
   2.1299999999999986       0.10347243826603736     
   2.1399999999999983       0.10128671730856102     
   2.1499999999999981        9.9137252648500138E-002
   2.1599999999999979        9.7023700179924066E-002
   2.1699999999999977        9.4945712457986747E-002
   2.1799999999999975        9.2902938907589133E-002
   2.1899999999999973        9.0895026029131187E-002
   2.1999999999999971        8.8921617601293718E-002
   2.2099999999999969        8.6982354880793630E-002
   2.2199999999999966        8.5076876799059384E-002
   2.2299999999999964        8.3204820155776876E-002
   2.2399999999999962        8.1365819809259138E-002
   2.2499999999999960        7.9559508863596487E-002
   2.2599999999999958        7.7785518852546864E-002
   2.2699999999999956        7.6043479920129414E-002
   2.2799999999999954        7.4333020997887245E-002
   2.2899999999999952        7.2653769978788571E-002
   2.2999999999999949        7.1005353887738279E-002
   2.3099999999999947        6.9387399048675052E-002
   2.3199999999999945        6.7799531248232153E-002
   2.3299999999999943        6.6241375895942575E-002
   2.3399999999999941        6.4712558180972463E-002
   2.3499999999999939        6.3212703225369232E-002
   2.3599999999999937        6.1741436233813521E-002
   2.3699999999999934        6.0298382639867046E-002
   2.3799999999999932        5.8883168248710649E-002
   2.3899999999999930        5.7495419376369761E-002
   2.3999999999999928        5.6134762985426696E-002
   2.4099999999999926        5.4800826817221850E-002
   2.4199999999999924        5.3493239520548158E-002
   2.4299999999999922        5.2211630776845472E-002
   2.4399999999999920        5.0955631421903860E-002
   2.4499999999999917        4.9724873564086960E-002
   2.4599999999999915        4.8518990699088660E-002
   2.4699999999999913        4.7337617821238541E-002
   2.4799999999999911        4.6180391531373412E-002
   2.4899999999999909        4.5046950141294312E-002
   2.4999999999999907        4.3936933774830211E-002
   2.5099999999999905        4.2849984465531468E-002
   2.5199999999999902        4.1785746251017844E-002
   2.5299999999999900        4.0743865264007667E-002
   2.5399999999999898        3.9723989820056260E-002
   2.5499999999999896        3.8725770502033387E-002
   2.5599999999999894        3.7748860241370988E-002
   2.5699999999999892        3.6792914396113895E-002
   2.5799999999999890        3.5857590825807660E-002
   2.5899999999999888        3.4942549963258893E-002
   2.5999999999999885        3.4047454883204799E-002
   2.6099999999999883        3.3171971367929820E-002
   2.6199999999999881        3.2315767969868438E-002
   2.6299999999999879        3.1478516071234239E-002
   2.6399999999999877        3.0659889940716396E-002
   2.6499999999999875        2.9859566787285702E-002
   2.6599999999999873        2.9077226811153153E-002
   2.6699999999999871        2.8312553251924957E-002
   2.6799999999999868        2.7565232433998672E-002
   2.6899999999999866        2.6834953809245825E-002
   2.6999999999999864        2.6121409997027140E-002
   2.7099999999999862        2.5424296821587065E-002
   2.7199999999999860        2.4743313346874921E-002
   2.7299999999999858        2.4078161908840431E-002
   2.7399999999999856        2.3428548145251967E-002
   2.7499999999999853        2.2794181023086186E-002
   2.7599999999999851        2.2174772863538143E-002
   2.7699999999999849        2.1570039364701248E-002
   2.7799999999999847        2.0979699621966781E-002
   2.7899999999999845        2.0403476146192808E-002
   2.7999999999999843        1.9841094879692621E-002
   2.8099999999999841        1.9292285210092880E-002
   2.8199999999999839        1.8756779982111785E-002
   2.8299999999999836        1.8234315507307631E-002
   2.8399999999999834        1.7724631571848115E-002
   2.8499999999999832        1.7227471442350741E-002
   2.8599999999999830        1.6742581869844585E-002
   2.8699999999999828        1.6269713091903594E-002
   2.8799999999999826        1.5808618833001435E-002
   2.8899999999999824        1.5359056303137742E-002
   2.8999999999999821        1.4920786194785393E-002
   2.9099999999999819        1.4493572678208205E-002
   2.9199999999999817        1.4077183395198150E-002
   2.9299999999999815        1.3671389451280895E-002
   2.9399999999999813        1.3275965406438123E-002
   2.9499999999999811        1.2890689264394749E-002
   2.9599999999999809        1.2515342460518704E-002
   2.9699999999999807        1.2149709848380583E-002
   2.9799999999999804        1.1793579685020003E-002
   2.9899999999999802        1.1446743614965012E-002
   2.9999999999999800        1.1108996653050445E-002
   3.0099999999999798        1.0780137166080568E-002
   3.0199999999999796        1.0459966853380860E-002
   3.0299999999999794        1.0148290726283166E-002
   3.0399999999999792        9.8449170865879659E-003
   3.0499999999999790        9.5496575040468178E-003
   3.0599999999999787        9.2623267929075187E-003
   3.0699999999999785        8.9827429875638312E-003
   3.0799999999999783        8.7107273173510323E-003
   3.0899999999999781        8.4461041805278751E-003
   3.0999999999999779        8.1887011174848843E-003
   3.1099999999999777        7.9383487832182555E-003
   3.1199999999999775        7.6948809191079142E-003
   3.1299999999999772        7.4581343240376213E-003
   3.1399999999999770        7.2279488248942966E-003
   3.1499999999999768        7.0041672464830262E-003
   3.1599999999999766        6.7866353808934965E-003
   3.1699999999999764        6.5752019563528816E-003
   3.1799999999999762        6.3697186055994767E-003
   3.1899999999999760        6.1700398338106390E-003
   3.1999999999999758        5.9760229861178620E-003
   3.2099999999999755        5.7875282147410662E-003
   3.2199999999999753        5.6044184457734502E-003
   3.2299999999999751        5.4265593456474994E-003
   3.2399999999999749        5.2538192873120108E-003
   3.2499999999999747        5.0860693161492469E-003
   3.2599999999999745        4.9231831156605786E-003
   3.2699999999999743        4.7650369729482544E-003
   3.2799999999999740        4.6115097440201725E-003
   3.2899999999999738        4.4624828189438080E-003
   3.2999999999999736        4.3178400868747087E-003
   3.3099999999999734        4.1774679009842367E-003
   3.3199999999999732        4.0412550433105198E-003
   3.3299999999999730        3.9090926895558355E-003
   3.3399999999999728        3.7808743738529473E-003
   3.3499999999999726        3.6564959535222001E-003
   3.3599999999999723        3.5358555738404674E-003
   3.3699999999999721        3.4188536328423518E-003
   3.3799999999999719        3.3053927461733456E-003
   3.3899999999999717        3.1953777120139735E-003
   3.3999999999999715        3.0887154760932604E-003
   3.4099999999999713        2.9853150968092023E-003
   3.4199999999999711        2.8850877104732498E-003
   3.4299999999999708        2.7879464966951710E-003
   3.4399999999999706        2.6938066439240087E-003
   3.4499999999999704        2.6025853151602158E-003
   3.4599999999999702        2.5142016138534284E-003
   3.4699999999999700        2.4285765499997224E-003
   3.4799999999999698        2.3456330064515877E-003
   3.4899999999999696        2.2652957054532649E-003
   3.4999999999999694        2.1874911754135055E-003
   3.5099999999999691        2.1121477179272346E-003
   3.5199999999999689        2.0391953750570372E-003
   3.5299999999999687        1.9685658968848366E-003
   3.5399999999999685        1.9001927093435871E-003
   3.5499999999999683        1.8340108823382715E-003
   3.5599999999999681        1.7699570981649813E-003
   3.5699999999999679        1.7079696202363368E-003
   3.5799999999999677        1.6479882621210156E-003
   3.5899999999999674        1.5899543569046662E-003
   3.5999999999999672        1.5338107268790097E-003
   3.6099999999999670        1.4795016535654696E-003
   3.6199999999999668        1.4269728480792109E-003
   3.6299999999999666        1.3761714218390388E-003
   3.6399999999999664        1.3270458576281647E-003
   3.6499999999999662        1.2795459810104385E-003
   3.6599999999999659        1.2336229321062318E-003
   3.6699999999999657        1.1892291377317648E-003
   3.6799999999999655        1.1463182839052800E-003
   3.6899999999999653        1.1048452887230953E-003
   3.6999999999999651        1.0647662756082040E-003
   3.7099999999999649        1.0260385469337380E-003
   3.7199999999999647        9.8862055802326839E-004
   3.7299999999999645        9.5247189152958722E-004
   3.7399999999999642        9.1755323219329648E-004
   3.7499999999999640        8.8382634198221641E-004
   3.7599999999999638        8.5125403561233282E-004
   3.7699999999999636        8.1980015645070957E-004
   3.7799999999999634        7.8942955280051632E-004
   3.7899999999999632        7.6010805456805429E-004
   3.7999999999999630        7.3180245031140333E-004
   3.8099999999999627        7.0448046467006594E-004
   3.8199999999999625        6.7811073617474573E-004
   3.8299999999999623        6.5266279543616846E-004
   3.8399999999999621        6.2810704371163407E-004
   3.8499999999999619        6.0441473184777742E-004
   3.8599999999999617        5.8155793959781569E-004
   3.8699999999999615        5.5950955531136593E-004
   3.8799999999999613        5.3824325599473419E-004
   3.8899999999999610        5.1773348773940088E-004
   3.8999999999999608        4.9795544651626321E-004
   3.9099999999999606        4.7888505933303303E-004
   3.9199999999999604        4.6049896575204224E-004
   3.9299999999999602        4.4277449976556210E-004
   3.9399999999999600        4.2568967202560995E-004
   3.9499999999999598        4.0922315242508873E-004
   3.9599999999999596        3.9335425302698516E-004
   3.9699999999999593        3.7806291133823960E-004
   3.9799999999999591        3.6332967392479462E-004
   3.9899999999999589        3.4913568036423130E-004
   3.9999999999999587        3.3546264753230883E-004
   4.0099999999999589        3.2229285421963834E-004
   4.0199999999999587        3.0960912607464185E-004
   4.0299999999999585        2.9739482086887367E-004
   4.0399999999999583        2.8563381408071520E-004
   4.0499999999999581        2.7431048479339130E-004
   4.0599999999999579        2.6340970190320091E-004
   4.0699999999999577        2.5291681063380428E-004
   4.0799999999999574        2.4281761935236357E-004
   4.0899999999999572        2.3309838668329289E-004
   4.0999999999999570        2.2374580891533952E-004
   4.1099999999999568        2.1474700769768691E-004
   4.1199999999999566        2.0608951802074391E-004
   4.1299999999999564        1.9776127647726379E-004
   4.1399999999999562        1.8975060979941886E-004
   4.1499999999999559        1.8204622366744361E-004
   4.1599999999999557        1.7463719178545018E-004
   4.1699999999999555        1.6751294522001438E-004
   4.1799999999999553        1.6066326199712928E-004
   4.1899999999999551        1.5407825695312461E-004
   4.1999999999999549        1.4774837183515626E-004
   4.2099999999999547        1.4166436564687750E-004
   4.2199999999999545        1.3581730523491643E-004
   4.2299999999999542        1.3019855611179747E-004
   4.2399999999999540        1.2479977351096281E-004
   4.2499999999999538        1.1961289366956931E-004
   4.2599999999999536        1.1463012533475925E-004
   4.2699999999999534        1.0984394148912795E-004
   4.2799999999999532        1.0524707129113909E-004
   4.2899999999999530        1.0083249222626757E-004
   4.2999999999999527        9.6593422464681715E-005
   4.3099999999999525        9.2523313421309937E-005
   4.3199999999999523        8.8615842514172636E-005
   4.3299999999999521        8.4864906116896921E-005
   4.3399999999999519        8.1264612701370745E-005
   4.3499999999999517        7.7809276166533367E-005
   4.3599999999999515        7.4493409349340618E-005
   4.3699999999999513        7.1311717713986667E-005
   4.3799999999999510        6.8259093215508308E-005
   4.3899999999999508        6.5330608333943061E-005
   4.3999999999999506        6.2521510275259187E-005
   4.4099999999999504        5.9827215335322979E-005
   4.4199999999999502        5.7243303423217162E-005
   4.4299999999999500        5.4765512740273472E-005
   4.4399999999999498        5.2389734611232348E-005
   4.4499999999999496        5.0112008463993196E-005
   4.4599999999999493        4.7928516954470055E-005
   4.4699999999999491        4.5835581233118897E-005
   4.4799999999999489        4.3829656349755155E-005
   4.4899999999999487        4.1907326793332402E-005
   4.4999999999999485        4.0065302163406055E-005
   4.5099999999999483        3.8300412970058889E-005
   4.5199999999999481        3.6609606559118648E-005
   4.5299999999999478        3.4989943159551212E-005
   4.5399999999999476        3.3438592049966440E-005
   4.5499999999999474        3.1952827841227347E-005
   4.5599999999999472        3.0530026872206704E-005
   4.5699999999999470        2.9167663715788761E-005
   4.5799999999999468        2.7863307792267064E-005
   4.5899999999999466        2.6614620087342635E-005
   4.5999999999999464        2.5419349971979797E-005
   4.6099999999999461        2.4275332121429768E-005
   4.6199999999999459        2.3180483530784736E-005
   4.6299999999999457        2.2132800624477337E-005
   4.6399999999999455        2.1130356457192491E-005
   4.6499999999999453        2.0171298003710061E-005
   4.6599999999999451        1.9253843535248067E-005
   4.6699999999999449        1.8376280079926917E-005
   4.6799999999999446        1.7536960965025527E-005
   4.6899999999999444        1.6734303438750031E-005
   4.6999999999999442        1.5966786369285222E-005
   4.7099999999999440        1.5232948018947704E-005
   4.7199999999999438        1.4531383891308147E-005
   4.7299999999999436        1.3860744649197818E-005
   4.7399999999999434        1.3219734101561823E-005
   4.7499999999999432        1.2607107257168145E-005
   4.7599999999999429        1.2021668443227662E-005
   4.7699999999999427        1.1462269487025800E-005
   4.7799999999999425        1.0927807958711293E-005
   4.7899999999999423        1.0417225473431782E-005
   4.7999999999999421        9.9295060510495476E-006
   4.8099999999999419        9.4636745317135971E-006
   4.8199999999999417        9.0187950456066328E-006
   4.8299999999999415        8.5939695352270052E-006
   4.8399999999999412        8.1883363286067446E-006
   4.8499999999999410        7.8010687619070099E-006
   4.8599999999999408        7.4313738498719103E-006
   4.8699999999999406        7.0784910026605758E-006
   4.8799999999999404        6.7416907876155853E-006
   4.8899999999999402        6.4202737345634260E-006
   4.8999999999999400        6.1135691832795301E-006
   4.9099999999999397        5.8209341717866276E-006
   4.9199999999999395        5.5417523641906574E-006
   4.9299999999999393        5.2754330167933131E-006
   4.9399999999999391        5.0214099812544440E-006
   4.9499999999999389        4.7791407436110019E-006
   4.9599999999999387        4.5481054979920294E-006
   4.9699999999999385        4.3278062539013007E-006
   4.9799999999999383        4.1177659759706969E-006
   4.9899999999999380        3.9175277551181935E-006
   4.9999999999999378        3.7266540100744780E-006
